,Height (cm),Re = 68.15,Re = 133.59,Re = 199.03,Frontal Area $(m^{-1})$
0,6.7,[1.79e-06 1.727e-05 1.885e-05],[2.09e-06 1.805e-05 1.964e-05],[1.94e-06 1.849e-05 2.09e-05],0.0
1,14.77,[2.6e-06 3.03e-06 3.39e-06],[2.43e-06 2.93e-06 3.33e-06],[2.41e-06 2.99e-06 3.38e-06],0.0
2,24.9,[2.14e-06 3.2e-06 2.31e-06],[2.43e-06 3.27e-06 2.28e-06],[2.49e-06 3.17e-06 2.23e-06],0.0
3,36.1,[nan 4.4e-06 5.84e-06],[nan 4.33e-06 5.81e-06],[nan 4.52e-06 5.77e-06],0.0
4,6.7,[2.43e-06 4.93e-06 4.579e-05],[2.01e-06 5.13e-06 6.253e-05],[1.94e-06 5.89e-06 7.256e-05],0.88
5,14.77,[1.27e-06 5.36e-06 1.251e-05],[1.2e-06 5.23e-06 1.207e-05],[1.23e-06 5.18e-06 1.212e-05],0.88
6,24.9,[4.09e-06 7.81e-06 1.367e-05],[4.16e-06 7.26e-06 1.291e-05],[4.15e-06 7.11e-06 1.28e-05],0.88
7,36.1,[2.83e-06 4.89e-06 7.863e-05],[2.74e-06 4.67e-06 7.22e-05],[2.74e-06 4.76e-06 6.694e-05],0.88
8,6.7,[1.095e-05 2.919e-05 3.521e-05],[1.116e-05 2.846e-05 3.391e-05],[1.148e-05 2.916e-05 3.54e-05],2.54
9,14.77,[9.36e-06 3.572e-05 6.105e-05],[9.21e-06 3.598e-05 5.929e-05],[8.81e-06 3.608e-05 5.86e-05],2.54
10,24.9,[1.077e-05 3.701e-05 6.676e-05],[1.183e-05 3.852e-05 7.158e-05],[1.13e-05 3.6e-05 6.991e-05],2.54
11,36.1,[nan nan 6.232e-05],[nan nan 6.07e-05],[nan nan 5.621e-05],2.54
12,6.7,[6.77e-06 3.3e-05 7.855e-05],[6.6e-06 3.124e-05 7.446e-05],[6.75e-06 3.175e-05 7.546e-05],4.6
13,14.77,[1.154e-05 3.034e-05 5.538e-05],[1.094e-05 2.929e-05 5.193e-05],[1.088e-05 2.984e-05 5.594e-05],4.6
14,24.9,[7.81e-06 2.598e-05 4.443e-05],[7.82e-06 2.485e-05 4.269e-05],[8.01e-06 2.55e-05 4.363e-05],4.6
15,36.1,[5.64e-06 2.272e-05 4.373e-05],[5.28e-06 2.206e-05 4.212e-05],[5.4e-06 2.341e-05 4.291e-05],4.6
